Region	domainXplorer	AdjNeo	AdjNumMut	AdjRatio
ENSP00000292599-IDR-27-150	0.00516602174425983	0.0429540988005141	0.0268233407706162	0.00516354045044817
ENSP00000356311-IDR-387-437	0.0090820394040133	0.0412198143811219	0.0251415856859716	0.00905836396620384
ENSP00000419981-IDR-595-849	0.111201706658589	0.125866136644764	0.126796177761422	0.11136863292457
ENSP00000342576-IDR-249-298	0.000335758236063149	0.000453671708203022	0.00042550551675456	0.000336264622905572
ENSP00000266712-PF00515-446-479	0.00702855018023745	0.00818691518863577	0.00612465399840017	0.00696157093755655
ENSP00000315011-IDR-393-427	0.00119744005484721	0.00731071981802257	0.00702197567904512	0.0011988888855931
ENSP00000353452-IDR-836-1000	0.000646106591490737	0.0120353066565991	0.00829447587622692	0.000647480962327736
ENSP00000393379-PF00225-35-327	0.0754918865850391	0.0449542229087636	0.0459018440511619	0.0754876661955052
ENSP00000271971-PF00648-42-337	0.00014509434333957	0.000199554326293461	0.000189577411375565	0.000145894075450878
ENSP00000358316-IDR-175-310	0.056670895228069	0.00903488338062684	0.00945731217660137	0.0567219629673413
ENSP00000315454-ND-833-976	0.0623593825971449	0.194928758572265	0.195854933237571	0.0624909160004518
ENSP00000280772-IDR-4325-4377	0.00486364721757412	0.013991187490151	0.0150431886528751	0.00487965878349077
ENSP00000307831-PF00002-769-1016	0.348797516633267	0.0794688675833221	0.0649291567968932	0.347307990177908
ENSP00000455823-IDR-2190-2303	0.00471855858926083	0.00526604155062823	0.00590341634274426	0.00477987963353186
ENSP00000350267-IDR-685-733	0.114568427778556	0.0808997086016274	0.0773115769219138	0.114372085446209
ENSP00000357789-IDR-33-54	0.00275737493117037	0.00799619740655966	0.00762630156671157	0.00278704083428346
ENSP00000380413-PF00071-129-285	0.000851792242621016	0.00404984695727692	0.00397743819620442	0.000854865263134662
ENSP00000376134-IDR-140-193	0.30894740338191	0.36462745290223	0.364585553865071	0.308789589384843
ENSP00000278979-PF00782-9-135	0.0372906446058159	0.185725128443132	0.156092026727046	0.0372841713922919
ENSP00000308938-PF00089-582-803	0.00093491887019726	0.0084440115040277	0.00602071454011666	0.000935058351854637
ENSP00000228347-PF04560-1043-1128	0.0813929628846248	0.0419488303622746	0.0443515107240892	0.0809621899184464
ENSP00000275159-ND-162-390	0.240067369768264	0.102263511812881	0.100876996363318	0.240777497204051
ENSP00000360200-IDR-636-688	0.0246524573944447	0.141022653998155	0.137853026530731	0.024499133853327
ENSP00000393474-PF00530-168-264	0.00193949718519325	0.0253650104247913	0.0230566921080898	0.00195298307576731
ENSP00000443191-PF01344-381-431	0.00560712694302154	0.0135374332863254	0.0123234077721245	0.00562558120835821
ENSP00000370443-PF05986-718-829	0.0386901125405101	0.144944008884376	0.14416480073741	0.038820083497409
ENSP00000374309-PF02210-2514-2653	0.127849828384005	0.361005197029068	0.359057182982788	0.127939072076411
ENSP00000271450-IDR-257-317	0.000218797783838672	0.000393120582707244	0.000371310581036298	0.000219684495686114
ENSP00000311679-IDR-121-173	0.00717118152944405	0.0059179873049225	0.00604891427674904	0.00719294630801056
ENSP00000452398-IDR-134-204	0.415166471899436	0.300982222531877	0.26695886632038	0.414218961060016
ENSP00000373948-IDR-817-875	0.000862006082968585	0.00260732180186532	0.00308447953003415	0.000871864860664878
ENSP00000389039-PF00168-322-406	0.0941613429705442	0.123263396822307	0.118268754488908	0.09385383965493
ENSP00000296755-IDR-512-782	0.00431779858542299	0.00324069984205413	0.00389234228672632	0.00435598394619197
ENSP00000308541-PF00089-364-613	0.0398510252845663	0.0368990526930801	0.0356022113078669	0.0398507886625583
ENSP00000311196-IDR-698-802	0.0767135823833634	0.0956922119669891	0.0987603725734484	0.0767342347975661
ENSP00000268603-IDR-703-762	0.00480936910833245	0.0106547031592374	0.0110865485401182	0.00482668638533253
ENSP00000301945-PF05586-396-489	0.000277083973398988	0.000413721970056249	0.000457669351444182	0.00027803285801441
ENSP00000297316-IDR-57-164	0.190449559827516	0.200245797928349	0.201455719234359	0.190606010447999
ENSP00000348478-IDR-80-173	0.00109018676949132	0.00242947595352117	0.00214679718581433	0.00108859030676004
ENSP00000348314-IDR-474-530	0.0135102064533864	0.0839200844553662	0.074158051263193	0.0135517597926586
ENSP00000228347-PF00562-667-1041	0.301764311932068	0.159915852137527	0.165298148724918	0.301758179663062
ENSP00000344914-IDR-315-463	0.107114854823541	0.161857949288172	0.169504953192731	0.107252194799793
ENSP00000263062-PF06752-582-836	0.0236514243721768	0.178291048775424	0.173317789838859	0.0236789810425108
ENSP00000299367-PF00092-254-452	0.00404891395666377	0.0322665742838584	0.0344462948024955	0.00406105117945135
ENSP00000321427-IDR-778-904	0.00416030291125093	0.0130472172131141	0.0131143938852013	0.00416309950855098
ENSP00000355500-IDR-889-1056	0.00251313971480003	0.00189048782156469	0.00199598500280448	0.00252962979186806
ENSP00000350882-PF00435-468-570	0.0681620149104005	0.118594672451705	0.0973689266320048	0.0674776586977761
ENSP00000352833-IDR-730-807	0.121303377481662	0.493472635286839	0.484699213532399	0.121779386653906
ENSP00000261191-IDR-502-706	0.133410353560724	0.133618733561556	0.14062449857063	0.133462351897458
ENSP00000297268-PF01391-91-149	0.0025718992941105	0.0169889527612504	0.00963640499782086	0.00255460632751272
ENSP00000328287-ND-276-466	0.272220127628147	0.210194605794546	0.227486374678989	0.273570396726353
ENSP00000414570-IDR-512-647	0.039785849127346	0.107497936806642	0.0956388518889508	0.0399458491969579
ENSP00000302716-IDR-4434-4462	0.00355525971299473	0.0193041780985655	0.018006574037222	0.0035743461220875
ENSP00000340514-PF01352-4-44	0.136569126942868	0.0709997016316562	0.0622786257015885	0.136296455145864
ENSP00000369716-IDR-1560-1783	0.0681474289750464	0.152050082938578	0.147755779950968	0.0682811062069546
ENSP00000346359-ND-771-828	0.0296534263022065	0.0421956745920446	0.0404714256075574	0.029681199443445
ENSP00000384672-IDR-633-683	0.0894821705153678	0.0799526289059078	0.0829084009326539	0.0897201620467697
ENSP00000261965-PF04130-251-763	0.694372052783949	0.868189263618046	0.857647587567009	0.693957555677664
ENSP00000357905-PF00431-1766-1874	0.0427464862687631	0.0833836632195506	0.0833432797852683	0.0430252172459248
ENSP00000289672-IDR-1029-1102	0.209509147267344	0.456833375896554	0.456774735558809	0.209997254319903
ENSP00000262419-ND-588-685	0.149001390610207	0.0497746985742199	0.0584963634615132	0.150429907699756
ENSP00000264867-ND-1-114	0.150931631249883	0.142883773434554	0.146434453679655	0.151347806739148
ENSP00000382204-ND-1-247	0.474871548303314	0.353817088108669	0.341111103334534	0.474152938749593
ENSP00000357130-PF00018-984-1028	0.255508780111318	0.293609971070071	0.326351080964351	0.255809366449793
ENSP00000361290-PF01391-492-547	0.0621452390084947	0.0651304345425644	0.0653681336372011	0.0621171405318399
ENSP00000262442-PF08393-1290-1703	0.0482252161463635	0.123816233127489	0.112231503505459	0.0483560568676372
ENSP00000339769-ND-360-509	0.00190268068619445	0.0062246172963301	0.00458171422622237	0.00190773275770031
ENSP00000365529-IDR-1112-1171	0.000575829891217364	0.0025173118275072	0.00273601350855902	0.000581727684347526
ENSP00000367888-IDR-53-383	0.288529244453299	0.474684152029271	0.44580776983684	0.288204154574171
ENSP00000172229-IDR-145-214	0.0314942836634407	0.0247763982673151	0.028961200043657	0.0315789326327275
ENSP00000301336-IDR-307-401	0.000916382918930519	0.00187255627521987	0.00143270827371588	0.000917806907290062
ENSP00000407586-PF00009-45-162	0.000525638356849687	0.000327187134156174	0.000343794457634199	0.000528749305914036
ENSP00000371393-PF02879-228-333	0.0507334426765285	0.189285051162422	0.144926722326513	0.0509154599492908
ENSP00000268704-PF07728-346-459	0.0724105718065597	0.145084679098251	0.150225061085507	0.0725465600854729
ENSP00000349098-IDR-344-461	0.00372694054343917	0.00395345432149371	0.00434954439987329	0.00375574810142337
ENSP00000245908-ND-271-354	0.0267256848605831	0.0978126334095406	0.094786904941072	0.0266738055628948
ENSP00000271588-PF00090-4647-4697	0.215140847548578	0.372861098883455	0.362657661486613	0.215187972358783
ENSP00000378752-IDR-508-589	0.0396504325195373	0.202506915049566	0.215160642667197	0.0398364026593776
ENSP00000369889-PF00093-34-89	0.0773411518121719	0.0794306358318425	0.0927376659253502	0.0776232041020778
ENSP00000374309-PF00054-2514-2657	0.127849828384005	0.361005197029068	0.359057182982788	0.127939072076411
ENSP00000364464-IDR-665-725	7.62341059687437e-05	0.000147992887875638	0.000166994904429293	7.71553309548723e-05
ENSP00000003084-PF00664-84-350	0.0205895604410292	0.0987406770284278	0.093531867442715	0.0207032496757234
ENSP00000284601-IDR-1017-1054	0.483588511101466	0.579914187459903	0.564523624360812	0.482549286364203
ENSP00000308938-PF09342-590-703	0.0183580574868303	0.0883057050416057	0.0646821369360363	0.0183690280563463
ENSP00000357073-PF07679-426-502	0.164560041653812	0.199535070999357	0.219663597402029	0.164936497491068
ENSP00000376708-PF00092-51-208	0.219418562901869	0.811224584910025	0.845624794953085	0.220406821516626
ENSP00000385607-PF00018-277-322	0.175985100950764	0.295266631339555	0.310670002441015	0.176405286128849
ENSP00000264867-IDR-1-156	0.293308438572707	0.278581755108378	0.282784086486335	0.293139732540033
ENSP00000371542-IDR-434-644	0.00434152338795751	0.00289840827069523	0.00278437324900849	0.00434940791342338
ENSP00000469958-PF00096-341-363	0.0736168259088184	0.0275760701545895	0.0271425986790501	0.0733197608269126
ENSP00000359382-IDR-609-660	0.0073816347091049	0.0129778897183809	0.0146288633841035	0.00742737550951953
ENSP00000348645-PF07679-330-415	0.0913988541645385	0.0454738113826334	0.042373635668385	0.0912635024954705
ENSP00000237172-IDR-147-255	1.81503866630339e-05	0.00013254156228426	0.000118991524734532	1.82564792950745e-05
ENSP00000358001-ND-2461-2552	0.000536622683349259	0.00319963145570514	0.00270400186924223	0.0005365896684248
ENSP00000261858-PF06662-416-607	0.0618891662294152	0.0861436268413016	0.0772759842716847	0.06205372498597
ENSP00000371548-PF03736-360-402	0.0998719637828958	0.0470015250869629	0.0469917242753372	0.0997096637119227
ENSP00000391529-ND-57-403	0.064661910423152	0.101912568651974	0.108249974590224	0.0649657398776775
ENSP00000357905-PF00530-996-1093	0.0133439593363602	0.039410004967549	0.0381372102935942	0.0134274571498466
ENSP00000411096-ND-3027-3219	0.0757993564138867	0.197989802833265	0.191843776056203	0.0759768649922657
ENSP00000351922-IDR-122-480	0.00393068434968163	0.0326917627517407	0.0327939120734707	0.00394311427644246
ENSP00000304945-PF07679-32-123	0.00560279180188029	0.0234888106345725	0.025089439445325	0.00562471580078993
ENSP00000322716-IDR-66-195	0.0616755851009557	0.061251657276982	0.0600211922138094	0.0616342673190402
ENSP00000421191-PF00041-807-888	0.00377581450314561	0.0135814992060284	0.0156770970738717	0.0038210686406583
ENSP00000258111-IDR-97-152	0.976763802737254	0.862555003401716	0.879539298049199	0.976244512726562
ENSP00000385607-PF07653-276-328	0.175985100950764	0.295266631339555	0.310670002441015	0.176405286128849
ENSP00000301656-IDR-415-459	0.00289302491605123	0.0053360295159233	0.00352917546811919	0.00288771002692413
ENSP00000388787-IDR-109-200	0.00385827197932022	0.0023447226101959	0.00209476696026394	0.00384389340940806
ENSP00000443204-PF00168-5-89	0.00615188864014261	0.00434491678944239	0.00457905527109533	0.0061611404048306
ENSP00000403208-IDR-923-1015	0.380402519349098	0.49250065506711	0.500281964467358	0.382050776641344
ENSP00000351163-PF01391-1441-1499	0.100343602877679	0.0174790763251218	0.0188653362971855	0.0999465617936127
ENSP00000337459-PF00595-18-94	0.292932124723145	0.268699584201611	0.243888121732047	0.291365079238129
ENSP00000424725-IDR-507-597	0.0716367803075439	0.126918304577204	0.120968483502914	0.0716928370653537
ENSP00000352572-IDR-1635-1758	0.0991041176590824	0.159587677626174	0.157083454353244	0.0993523722712149
ENSP00000382241-IDR-1063-1166	0.0448575888228552	0.0181411991210103	0.0172587098564245	0.044951641721976
ENSP00000441398-PF01532-231-609	0.0295139458924892	0.0467105799614663	0.0491800759476271	0.0296652627468559
ENSP00000307197-IDR-186-309	7.60362271898863e-05	8.46153110698265e-05	9.84732874984822e-05	7.67830627262799e-05
ENSP00000267807-IDR-535-633	0.0856273775146408	0.0530526327319544	0.052973264988777	0.0854927210638928
ENSP00000455908-IDR-1-102	0.00633004485796464	0.00152217293534832	0.00176648906819579	0.00633263840951461
ENSP00000266505-PF00388-157-300	0.00272126787739627	0.0100697430976164	0.00567558244165241	0.0026726180002952
ENSP00000439689-IDR-240-428	0.225245180754039	0.431838491927478	0.426510262399744	0.225620112996813
ENSP00000358001-IDR-2486-2563	0.000306072796558082	0.0015168027382798	0.00130176655937497	0.000306091529616598
ENSP00000357130-PF07653-984-1032	0.378507124911478	0.398780092029894	0.441423709119708	0.379019551915477
